Eliminación Gaussiana con pivoteo parcial 
 Etapa 0 
[[ 2.  -1.   0.   3.   1. ]
 [ 1.   0.5  3.   8.   1. ]
 [ 0.  13.  -2.  11.   1. ]
 [14.   5.  -2.   3.   1. ]]

Etapa 1
[[14.        5.       -2.        3.        1.      ]
 [ 0.        0.142857  3.142857  7.785714  0.928571]
 [ 0.       13.       -2.       11.        1.      ]
 [ 0.       -1.714286  0.285714  2.571429  0.857143]]

Etapa 2
[[14.        5.       -2.        3.        1.      ]
 [ 0.       13.       -2.       11.        1.      ]
 [ 0.        0.        3.164835  7.664835  0.917582]
 [ 0.        0.        0.021978  4.021979  0.989011]]

Etapa 3
[[14.        5.       -2.        3.        1.      ]
 [ 0.       13.       -2.       11.        1.      ]
 [ 0.        0.        3.164835  7.664835  0.917582]
 [ 0.        0.        0.        3.968751  0.982639]]

Después de sustitución regresiva:
 x:
[[ 0.03849518]
 [-0.18022745]
 [-0.30971134]
 [ 0.24759402]]