Eliminación Gaussiana Simple 
 Etapa 0 
[[ 2.  -1.   0.   3.   1. ]
 [ 1.   0.5  3.   8.   1. ]
 [ 0.  13.  -2.  11.   1. ]
 [14.   5.  -2.   3.   1. ]]

Etapa 1
[[14.        5.       -2.        3.        1.      ]
 [ 0.        0.142857  3.142857  7.785714  0.928571]
 [ 0.       13.       -2.       11.        1.      ]
 [ 0.       -1.714286  0.285714  2.571429  0.857143]]

Etapa 2
[[ 1.40000000e+01  5.00000000e+00 -2.00000000e+00  3.00000000e+00
   1.00000000e+00]
 [ 0.00000000e+00  1.42857000e-01  3.14285700e+00  7.78571400e+00
   9.28571000e-01]
 [ 0.00000000e+00  0.00000000e+00 -2.88000273e+02 -6.97500683e+02
  -8.35000460e+01]
 [ 0.00000000e+00  0.00000000e+00  3.80000420e+01  9.60001060e+01
   1.20000080e+01]]

Etapa 3
[[ 0.00000000e+00  0.00000000e+00 -2.88000273e+02 -6.97500683e+02
  -8.35000460e+01]
 [ 0.00000000e+00  1.42857000e-01  3.14285700e+00  7.78571400e+00
   9.28571000e-01]
 [ 1.40000000e+01  5.00000000e+00 -2.00000000e+00  3.00000000e+00
   1.00000000e+00]
 [ 0.00000000e+00  0.00000000e+00  0.00000000e+00  1.53000169e+02
   3.10000290e+01]]

Después de sustitución regresiva:
 x:
[[        inf]
 [-0.22875819]
 [-0.19607848]
 [ 0.20261434]]